2103.10464
2103.10466
2103.10474
2103.10478
2103.10495
2103.10497
2103.10500
2103.10506
2103.10517
2103.10521
2103.10525
2103.10527
2103.10549
2103.10557
2103.10565
2103.10578
2103.10580
2103.10584
2103.10614
2103.10639
2103.10645
2103.10646
2103.10668
2103.10673
2103.10675
2103.10680
2103.10689
2103.10699
2103.10702
2103.10705
2103.10707
2103.10713
2103.10722
2103.10726
2103.10730
2103.10756
2103.10767
2103.10769
2103.10772
2103.10787
2103.10795
2103.10810
2103.10814
2103.10821
2103.10822
2103.10823
2103.10835
2103.13876
2103.10838
2103.10849
2103.10856
2103.10861
2103.10865
2103.10871
2103.10897
2103.10907
2103.10908
2103.10915
2103.10920
2103.10927
2103.10929
2103.10948
2103.10980
2103.10994
2103.11007
2103.11008
2103.11011
2103.11012
2103.11015
2103.11018
2103.11024
2103.11030
2103.11033
2103.11049
2103.11050
2103.13294
2103.11058
2103.11062
2103.11084
2103.11085
2103.11091
2103.11104
2103.11105
2103.11106
2103.11107
2103.11108
2103.11117
2103.12545
2103.11129
2103.11136
2103.11137
2103.12062
2103.11139
2103.11141
2103.11142
2103.11150
2103.11165
2103.11172
2103.11173
2103.11187
2103.11200
2103.11201
2103.11207
2103.11216
2103.11233
2103.11250
2103.11269
2103.11285
2103.11288
2103.11289
2103.11297
2103.11306
2103.11318
2103.11330
2103.11336
2103.11352
2103.11368
2103.11373
2103.11384
2103.11388
2103.11391
2103.11399
2103.11410
2103.11421
2103.11426
2103.11428
2103.11433
2103.11434
2103.11441
2103.11443
2103.12550
2103.11454
2103.11455
2103.11461
2103.11467
2103.11469
2103.11473
2103.11479
2103.11483
2103.11484
2103.11501
2103.11505
2103.11508
2103.11514
2103.11529
2103.12552
2103.11545
2103.11549
2103.11553
2103.11555
2103.11557
2103.11570
2103.11581
2103.11584
2103.12068
2103.11603
2103.11607
2103.11619
2103.11628
2103.11637
2103.11652
2103.11655
2103.11670
2103.11672
2103.11676
2103.11679
2103.11684
2103.11689
2103.11691
2103.11693
2103.11698
2103.11719
2103.11723
2103.11725
2103.11753
2103.11768
2103.11769
2103.11770
2103.11777
2103.11781
2103.11793
2103.11801
2103.11833
2103.11846
2103.11849
2103.11873
2103.11875
2103.11876
2103.11877
2103.11892
2103.11908
2103.11909
2103.11911
2103.11915
2103.11920
2103.11927
2103.11931
2103.11934
2103.11935
2103.11943
2103.11945
2103.11946
2103.11973
2103.11990
2103.12007
2103.12015
2103.12017
2103.12021
2103.12037
2103.12043
2103.12057
2103.12058
2103.12100
2103.12104
2103.12108
2103.12112
2103.12115
2103.12133
2103.12142
2103.12150
2103.12155
2103.12173
2103.12177
2103.12178
2103.12182
2103.13308
2103.12184
2103.12189
2103.12193
2103.12195
2103.12199
2103.12201
2103.12204
2103.12205
2103.12206
2103.12218
2103.13304
2103.12235
2103.12255
2103.12268
2103.12270
2103.12278
2103.12286
2103.12287
2103.12304
2103.12309
2103.12314
2103.12316
2103.12325
2103.12348
2103.12350
2103.12365
2103.12377
2103.12380
2103.12387
2103.12393
2103.12394
2103.12395
2103.13807
2103.12415
2103.12418
2103.12421
2103.12425
2103.12441
2103.12455
2103.12456
2103.12461
2103.12464
2103.12479
2103.12527
2103.12528
2103.12529
2103.12533
2103.12570
2103.12580
2103.12583
2103.12596
2103.12597
2103.12600
2103.12603
2103.12605
2103.13300
2103.12609
2103.12627
2103.12628
2103.12632
2103.12633
2103.12634
2103.12655
2103.12671
2103.12673
2103.12674
2103.12676
2103.12689
2103.12690
2103.12693
2103.12700
2103.12716
2103.13193
2103.12734
2103.12758
2103.12775
2103.12783
2103.12797
2103.12799
2103.12802
2103.12806
2103.12808
2103.12811
2103.12817
2103.12821
2103.13982
2103.12823
2103.12824
2103.12830
2103.12831
2103.12832
2103.12837
2103.12848
2103.12850
2103.12851
2103.12860
2103.12884
2103.12894
2103.12899
2103.12911
2103.12915
2103.12925
2103.12926
2103.12928
2103.12933
2103.12935
2103.12942
2103.12947
2103.12949
2103.12975
2103.12979
2103.12983
2103.12984
2103.12987
2103.12997
2103.12998
2103.13011
2103.13030
2103.13031
2103.13037
2103.13041
2103.13046
2103.13054
2103.13057
2103.13059
2103.13073
2103.13079
2103.13085
2103.13087
2103.13095
2103.13096
2103.13099
2103.13103
2103.13111
2103.13125
2103.13126
2103.13129
2103.13133
2103.13135
2103.13137
2103.13149
2103.13160
2103.13161
2103.13163
2103.13166
2103.13168
2103.13174
2103.13183
2103.13188
2103.13202
2103.13207
2103.13211
2103.13226
2103.13235
2103.13237
2103.13241
2103.13242
2103.13246
2103.13257
2103.13261
2103.13265
2103.13266
2103.13271
2103.13275
2103.13287
2103.13318
2103.13324
2103.13331
2103.13339
2103.13342
2103.13353
2103.13354
2103.13359
2103.13363
2103.13376
2103.13378
2103.13379
2103.13384
2103.13387
2103.13395
2103.13399
2103.13403
2103.13407
2103.13408
2103.13410
2103.13411
2103.13414
2103.13431
2103.13432
2103.13458
2103.13461
2103.13467
2103.13497
2103.13498
2103.13499
2103.13501
2103.13506
2103.13519
2103.13521
2103.13523
2103.13524
2103.13527
2103.13539
2103.13546
2103.13553
2103.13556
2103.13557
2103.13584
2103.13614
2103.13620
2103.13632
2103.13634
2103.13645
2103.13656
2103.13657
2103.13661
2103.13662
2103.13666
2103.13667
2103.13671
2103.13674
2103.13675
2103.13677
2103.13689
2103.13690
2103.13699
2103.13706
2103.13731
2103.13739
2103.13746
2103.13758
2103.13763
2103.13769
2103.13774
2103.13778
2103.13798
2103.13799
2103.13805
2103.13831
2103.13833
2103.13852
2103.13856
2103.13873
2103.13874
2103.13888
2103.13890
2103.13892
2103.13894
2103.13896
2103.13900
2103.13904
2103.13918
2103.13923
2103.13931
2103.13932
2103.13943
2103.13946
2103.13957
2103.13965
2103.13981
2103.13986
2103.13989
2103.13990
2103.13991
2103.13993
2103.13995
2103.14009
2103.14011
2103.14014
2103.14016
2103.14023
2103.14025
2103.14027
2103.14029
